    
       PRP$ VBG  VBD   ``  VBN  POS   ''  VBP  WDT   JJ   WP  VBZ   DT   RP   $    NN   ,    .    TO  PRP   RB  -LRB-  :   NNS  NNP   VB  WRB   CC  PDT  RBS  RBR   CD   EX   IN  WP$   MD  NNPS -RRB- JJS  JJR 
PRP$  628    0    0    0    0    0    0    0    0    0    0    0    0    0    0    0    0    0    0    3    0    0    0    0    1    0    0    0    0    0    0    0    0    0    0    0    0    0    0    0    0
VBG     0  906    0    0    0    0    0    0    0   12    0    0    0    0    0  172    0    0    0    0    0    0    0    0    8    0    0    0    0    0    0    0    0    0    0    0    0    0    0    0    0
VBD     0    0 2036    0  126    0    0    7    0    6    0    0    0    0    0   46    0    0    0    0    0    0    0    0    1    4    0    0    0    0    0    0    0    0    0    1    0    0    0    0    0
 ``     0    0    0  304    0    0    0    0    0    0    0    0    0    0    0    0    0    0    0    0    0    0    0    0    0    0    0    0    0    0    0    0    0    0    0    0    0    0    0    0    0
VBN     0    0  118    0 1146    0    0    4    0   23    0    0    0    0    0   44    0    0    0    0    1    0    0    0    6    1    0    0    0    0    0    0    0    2    0    0    0    0    1    0    0
POS     0    0    0    0    0  571    2    0    0    0    0    2    0    0    0    0    0    0    0    0    0    0    0    0    0    0    0    0    0    0    0    0    0    0    0    0    0    0    0    0    0
 ''     0    0    0    0    0    1  289    0    0    0    0    0    0    0    0    0    0    0    0    0    0    0    0    0    0    0    0    0    0    0    0    0    0    0    0    0    0    0    0    0    0
VBP     0    1    7    0    0    0    0  469    0   20    0    0    0    0    0   68    0    0    0    0    1    0    0    0    2   26    0    0    0    0    0    0    0    0    0    0    0    0    0    0    0
WDT     0    0    0    0    0    0    0    0  298    0    1    0    5    0    0    0    0    0    0    0    3    0    0    0    0    0    0    0    0    0    0    0    0   66    0    0    0    0    0    0    0
 JJ     0   25   11    0  126    0    0    4    0 2966    0    0    0    0    0  371    0    0    0    0   57    0    0    5  156    8    0    0    0    0    0   32    0   12    0    2    0    1    4    1    1
 WP     0    0    0    0    0    0    0    0    0    0  160    0    0    0    0    0    0    0    0    0    0    0    0    0    0    0    0    0    0    0    0    0    0    0    0    0    0    0    0    0    0
VBZ     0    0    0    0    0    3    0    4    0    0    0 1122    0    0    0    0    0    0    0    0    0    0    0  157    1    0    0    0    0    0    0    0    0    0    0    0    0    0    0    0    0
 DT     0    0    0    0    0    0    0    0    1    2    0    0 6098    0    0    1    0    0    0    0    0    0    0    0   25    1    0    0    0    0    0    0    0   35    0    0    0    0    0    0    0
 RP     0    0    0    0    0    0    0    0    0    0    0    0    0  144    0    0    0    0    0    0    5    0    0    0    0    0    0    0    0    0    0    0    0   46    0    0    0    0    0    0    0
 $      0    0    0    0    0    0    0    0    0    0    0    0    0    0  378    0    0    0    0    0    0    0    0    0    0    0    0    0    0    0    0    0    0    0    0    0    0    0    0    0    0
 NN     3   81    8    0   10    0    0   39    0  287    0    2   12    0    0 10116   0    0    0    1   43    0    0   24  150   37    0    0    0    0    0   13    0    4    0    3    0    0    3   11    2
 ,      0    0    0    0    0    0    0    0    0    0    0    0    0    0    0    0 3762    0    0    0    0    1    0    0    0    0    0    0    0    0    0    3    0    0    0    0    0    0    0    0    0
 .      0    0    0    0    0    0    0    0    0    3    0    0    0    0    0    0    0 2199    0    0    0    0    0    0    0    0    0    0    0    0    0    0    0    0    0    0    0    0    0    0    0
 TO     0    0    0    0    0    0    0    0    0    0    0    0    0    0    0    0    0    0 1505    0    0    0    0    0    0    0    0    0    0    0    0    0    0    0    0    0    0    0    0    0    0
PRP     5    0    0    0    0    0    0    0    0    0    0    0    0    0    0    1    0    0    0 1189    0    0    0    1    6    0    0    0    0    0    0    0    0    0    0    0    0    0    0    0    0
 RB     0    0    0    0    4    0    0    2    0   54    0    0   11   16    0   50    0    0    0    0 1299    0    0    0    3    5    0    4    0    0   10    0    9   86    0    0    0    0    0    4    0
-LRB-   0    0    0    0    0    0    0    0    0    0    0    0    0    0    0    0    0    0    0    0    0  217    0    0    0    0    0    0    0    0    0    0    0    0    0    0    0    0    0    0    0
 :      0    0    0    0    0    0    0    0    0    0    0    0    0    0    0    0    0    0    0    0    0    0  269    0    0    0    0    0    0    0    0    0    0    0    0    0    0    0    0    0    0
NNS     0    0    0    0    0    0    0    2    0    1    0   51    0    0    0   22    0    0    0    0    4    0    0 3509   41    2    0    0    0    0    0    7    0    0    0    0    5    0    0    0    1
NNP     0    0    0    0    0    0    0    1    0   82    0    3    3    0    0   67    0    0    1    1    4    0    0   21 7063    5    0    0    0    0    0   17    0    6    0    0   32    0    2    0    7
 VB     1    3    1    0    0    0    0   17    0   35    0    0    0    0    0   62    0    0    0    0    6    0    0    4   14 1801    0    0    0    0    0    0    0    0    0    0    0    0    0    8    0
WRB     0    0    0    0    0    0    0    0    0    0    0    0    0    0    0    1    0    0    0    0    0    0    0    0    0    0  265    0    0    0    0    0    0    0    0    0    0    0    0    0    0
 CC     0    0    0    0    0    0    0    0    0    0    0    0   14    0    0    0    0    0    0    0    0    0    0    0    1    0    0 1564    0    0    0    0    0    0    0    0    0    0    0    0    0
PDT     0    0    0    0    0    0    0    0    0    5    0    0    9    0    0    1    0    0    0    0    0    0    0    0    0    0    0    0    4    0    0    0    0    0    0    0    0    0    0    0    0
RBS     0    0    0    0    0    0    0    0    0    0    0    0    0    0    0    0    0    0    0    0    0    0    0    0    0    1    0    0    0   21    0    0    0    0    0    0    0    0    6    0    0
RBR     0    0    0    0    0    0    0    0    0   12    0    0    0    0    0    0    0    0    0    0    1    0    0    0    1    0    0    0    0    0   35    0    0    0    0    0    0    0    0   58    0
 CD     0    0    0    0    1    0    0    0    0    2    0    0    0    0    0    3    0    0    0    0    0    0    0    1   19    0    0    0    0    0    0 2235    0    0    0    0    0    0    0    0    4
 EX     0    0    0    0    0    0    0    0    0    0    0    0    0    0    0    0    0    0    0    0    6    0    0    0    0    0    0    0    0    0    0    0   38    0    0    0    0    0    0    0    0
 IN     0    0    1    0    0    0    0    4   74    5    0    0    2   28    0   13    0    0    0    0   30    0    0    0   19    0    0    0    0    0    0    0    0 7161    0    0    0    0    0    0    0
WP$     0    0    0    0    0    0    0    0    0    0    0    0    0    0    0    0    0    0    0    0    0    0    0    0    0    0    0    0    0    0    0    0    0    0   21    0    0    0    0    0    0
 MD     0    0    0    0    0    0    0    0    0    3    0    0    0    0    0    0    0    0    0    0    0    0    0    0    0    0    0    0    0    0    0    0    0    0    0  813    0    0    0    0    0
NNPS    0    0    0    0    0    0    0    0    0    0    0    0    0    0    0    0    0    0    0    0    0    0    0    3   45    0    0    0    0    0    0    0    0    0    0    0   81    0    0    0    0
-RRB-   0    0    0    0    0    0    0    0    0    0    0    0    0    0    0    0    0    0    0    0    0    0    0    0    0    0    0    0    0    0    0    0    0    0    0    0    0  222    0    0    0
JJS     0    0    0    0    0    0    0    0    0    1    0    0    0    0    0    4    0    0    0    0    0    0    0    0    0    0    0    0    0   11    0    0    0    0    0    0    0    0  127    0    0
JJR     0    0    0    0    0    0    0    0    0    0    0    0    0    0    0   14    0    0    0    0    0    0    0    0    1    0    0    0    0    0   38    0    0    0    0    0    0    0    0  128    0


errors  = 3881
correct = 63159
